X <-
structure(c(20.9294555806, 35.4727102641, 6.0, 3.01387134179, -76.8662246417, -2.0, 1.473551351, 67.0402469883, 4.0, 11.4358922498, 34.2050640813, 7.0, 2.10201303694, -162.046443937, 10.0, 14.7069628918, -5.61093407787, -1.0, -9.44850433253, 41.0263174991, 1.0, 13.8161699047, 10.1434379886, 12.0, -5.76696070116, 38.7490684491, -14.0, -11.7953022831, -54.0992988265, 3.0, 15.4431525678, -27.7839468646, -14.0, 11.7847769314, 43.0729974815, 7.0, 12.1528425252, 80.4525675308, -25.0, -20.4248812499, 50.8043245514, 5.0, -0.362301741008, -24.7716522903, 17.0, -6.29642710702, 84.5567978943, -9.0, 0.119319448488, 31.8361531559, 0.0, 1.53503072086, -44.6116775423, -19.0, -15.4259007701, 43.7484276817, 11.0, -3.82298847728, -23.421147639, -11.0, 0.0620271149529, -2.18367211555, 13.0, -3.0168113364, 122.406360239, -1.0, -2.46542585749, -28.9531152232, 8.0, 13.7515734695, 72.678199048, 8.0, -6.32701731907, -1.65975010148, 5.0, -5.09968282094, 100.162856635, 2.0, -20.6995361107, 52.7462897294, -5.0, 13.0513095842, -130.358633331, 14.0, -4.06941792089, -23.3741301354, -3.0, -14.4193191114, 56.2988830239, -13.0, -8.79701863647, -12.1720514642, 13.0, -1.77051818665, -71.2629102273, -2.0, 3.40439021079, -26.0181609316, -9.0, -5.46221532758, 39.0909171774, -16.0, 0.49104712913, -88.9102083319, 11.0, 2.17059637237, 9.05061890843, 10.0, 0.120724642349, -36.8053387185, -11.0, 7.37171298062, 74.1845812053, -11.0, 1.05589771392, -33.8454457783, -1.0, 3.2854366204, 35.654337136, 8.0, -3.20327084402, 39.3397719877, 25.0, -0.418572800065, 84.3088156246, -1.0, -2.63509323135, -26.7372035285, 15.0, -10.4658970087, -12.0466540745, -9.0, 4.05195712235, 35.8859570231, 5.0, -0.625474995076, -40.2545277572, -10.0, -0.978184333121, -52.2635811919, 6.0, -10.2317689133, -22.889510865, -8.0, -1.05102576978, -31.5945854733, -16.0, -2.6702260236, 44.6488663547, 11.0), .Dim = c(3, 50))
k <-
c(359, 147, 278, 335, 255, 218, 196, 426, 118, 198, 105, 336, 69, 233, 475, 123, 204, 79, 293, 108, 384, 232, 272, 408, 258, 228, 136, 351, 164, 94, 301, 179, 126, 106, 324, 355, 114, 141, 175, 329, 704, 209, 386, 108, 240, 102, 243, 119, 91, 379)
M <- 3
N <- 50
