x <-
c(-10.0, -8.0, -6.0, -4.0, -2.0, 0.0, 2.0, 4.0, 6.0, 8.0, 10.0)
k <-
c(15, 43, 40, 11, 1, 2, 1, 2, 3, 21, 305)
N <- 11
