y_test <-
c(6.69971541061, 2.28167186922, 1.63730430754, 4.27303113891, 3.10028829708, 0.433716262854, 1.764607506, 4.09390053424, 1.0261780825, 1.96741848219)
y <-
c(7.54622252634, 3.61903665796, 4.82349537614, -1.82534896609, 3.72199404757, -1.59964463729, 3.66441849206, -0.264337448285, 3.52822469059, 0.481151375939, 7.10493108992)
x <-
c(-10.0, -8.0, -6.0, -4.0, -2.0, 0.0, 2.0, 4.0, 6.0, 8.0, 10.0)
x_test <-
c(-9.0, -7.0, -5.0, -3.0, -1.0, 1.0, 3.0, 5.0, 7.0, 9.0)
N_test <- 10
N <- 11
